8
coin1 0 36.76 1 0 0 0 0.25 0.25 1
obj8 -1.67 25.01 1 0 0 0 0.5 0.5 1
obj8 -3.45 20.92 1 0 0 0 0.5 0.5 1
obj8 -5.834 20.92 1 0 0 0 0.5 0.5 1
coin2 -0.1599999 32.08 1 0 0 0 0.25 0.25 1
coin2 -0.16 32.43 1 0 0 0 0.25 0.25 1
coin2 2.15 24.11 1 0 0 0 0.25 0.25 1
coin2 2.15 24.46 1 0 0 0 0.25 0.25 1
coin2 2.15 23.73 1 0 0 0 0.25 0.25 1
coin2 2.15 23.38 1 0 0 0 0.25 0.25 1
coin2 -1.92 14.79 1 0 0 0 0.25 0.25 1
coin2 -1.92 14.44 1 0 0 0 0.25 0.25 1
f9 -1.5 12.61 1 0 0 0 0.3 0.3 1
f9 -0.47 10.36 1 0 0 0 0.3 0.3 1
f9 -2.98 7.24 1 0 0 0 0.3 0.3 1
f8 1.27 4.56 1 0 0 0 0.3 0.3 1
f9 -1.29 0.26 1 0 0 0 0.3 0.3 1
obj1 -2.514 35.745 1 0 0 0 0.5 0.5 1
obj1 -3.774 35.745 1 0 0 0 0.5 0.5 1
obj1 -1.26 35.745 1 0 0 0 0.5 0.5 1
obj1 0 35.745 1 0 0 0 0.5 0.5 1
cutter 0 35.26 0.9 0 0 180 0.5 0.5 1
cutter 1.25 30.14 0.9 0 0 0 0.5 0.5 1
obj8 2.442 29.64 1 0 0 0 0.5 0.5 1
obj7 2.75 30.317 1 0 0 0 0.5 0.5 1
obj7 -0.25 30.317 1 0 0 0 0.5 0.5 1
obj8 0.05799997 29.64 1 0 0 0 0.5 0.5 1
obj9 0.16 25 1 0 0 0 0.5 0.5 1
obj1 1.79 17.9 1 0 0 0 0.5 0.5 1
obj1 0.03 17.91 1 0 0 0 0.5 0.5 1
cutter 0.01899999 18.385 0.9 0 0 0 0.5 0.5 1
obj1 -0.419 11.495 1 0 0 0 0.5 0.5 1
cutter -0.43 11.97 0.9 0 0 0 0.5 0.5 1
obj1 -1.724 7.372 1 0 0 0 0.5 0.5 1
cutter -1.735 7.847 0.9 0 0 0 0.5 0.5 1
obj8 -2.396 6.71 1 0 0 0 0.5 0.5 1
obj8 -0.03 6.71 1 0 0 0 0.5 0.5 1
obj8 0.7040005 20.86 1 0 0 0 0.5 0.5 1
obj8 3.07 20.86 1 0 0 0 0.5 0.5 1
obj8 -2.19 13.77 1 0 0 0 0.5 0.5 1
obj8 -4.556 13.77 1 0 0 0 0.5 0.5 1
obj8 4.506 13.77 1 0 0 0 0.5 0.5 1
obj8 2.14 13.77 1 0 0 0 0.5 0.5 1
obj7 -2.78 0.337 1 0 0 0 0.5 0.5 1
obj8 -1.72 -0.34 1 0 0 0 0.5 0.5 1
finishline 0 40 -1 0 0 0 0.5 0.5 1
