10
f9 -2.18 32.52 1 0 180 0 0.3 0.3 1
f9 -2.18 31.77 1 0 180 0 0.3 0.3 1
f9 0.01 24.29 1 0 0 0 0.3 0.3 1
f9 -2.21 14.71 1 0 0 0 0.3 0.3 1
coin2 2.83 44.01 1 0 0 0 0.25 0.25 1
coin2 1.63 44.01 1 0 0 0 0.25 0.25 1
coin2 4.02 44.01 1 0 0 0 0.25 0.25 1
coin2 0.4400001 44.01 1 0 0 0 0.25 0.25 1
coin2 -0.7700001 44.01 1 0 0 0 0.25 0.25 1
coin2 -1.96 44.01 1 0 0 0 0.25 0.25 1
coin2 -3.16 44.01 1 0 0 0 0.25 0.25 1
coin2 -4.35 44.01 1 0 0 0 0.25 0.25 1
f3 -2.16 38.18 1 0 0 0 0.3 0.3 1
f3 -2.16 37.75 1 0 0 0 0.3 0.3 1
f3 -2.16 37.37 1 0 0 0 0.3 0.3 1
f3 -2.16 39.43 1 0 0 0 0.3 0.3 1
f3 -2.16 39 1 0 0 0 0.3 0.3 1
f3 -2.16 38.62 1 0 0 0 0.3 0.3 1
f3 1.43 34.1 1 0 0 0 0.3 0.3 1
f3 1.43 33.67 1 0 0 0 0.3 0.3 1
f3 1.43 33.29 1 0 0 0 0.3 0.3 1
f6 -1.48 1.57 1 0 0 0 0.3 0.3 1
f6 -1.48 1.26 1 0 0 0 0.3 0.3 1
f6 -1.48 0.9 1 0 0 0 0.3 0.3 1
f6 -1.48 0.59 1 0 0 0 0.3 0.3 1
f6 -1.86 1.57 1 0 0 0 0.3 0.3 1
f6 -1.86 1.26 1 0 0 0 0.3 0.3 1
f6 -1.86 0.9 1 0 0 0 0.3 0.3 1
f6 -1.86 0.59 1 0 0 0 0.3 0.3 1
coin2 2.619 29.19 1 0 0 90 0.25 0.25 1
coin2 1.95 29.19 1 0 0 90 0.25 0.25 1
coin2 2.26 29.19 1 0 0 90 0.25 0.25 1
coin2 -3.1 23.74 1 0 0 0 0.25 0.25 1
coin2 -3.1 24.056 1 0 0 0 0.25 0.25 1
coin2 -1.22 16.67 1 0 0 0 0.25 0.25 1
coin2 -1.22 16.354 1 0 0 0 0.25 0.25 1
coin2 -0.148 7.656 1 0 0 0 0.25 0.25 1
coin2 -0.148 7.34 1 0 0 0 0.25 0.25 1
obj9 0.53 36.96 1 0 0 0 0.5 0.5 1
obj9 -0.66 36.96 1 0 0 0 0.5 0.5 1
obj1 2.445 31.978 1 0 0 0 0.5 0.5 1
obj1 1.54 16.252 1 0 0 0 0.5 0.5 1
obj13 0 12.01 1 0 0 0 0.5 0.5 1
obj7 -2.013 9.25 1 0 0 0 0.5 0.5 1
obj7 -2.013 9.927 1 0 0 0 0.5 0.5 1
obj7 -3.68 9.25 1 0 0 0 0.5 0.5 1
cutter -1.021 9.608 0.9 0 0 270 0.5 0.5 1
obj7 -3.68 9.927 1 0 0 0 0.5 0.5 1
obj1 -2.66 3.24 1 0 0 0 0.5 0.5 1
cutter -2.665 3.708 0.9 0 0 0 0.5 0.5 1
obj15 2.911 4.023 1 0 0 0 0.5 0.5 1
obj15 2.24 4.023 1 0 0 0 0.5 0.5 1
obj8 2.06 2.825 1 0 0 0 0.5 0.5 1
obj8 2.06 2.159 1 0 0 0 0.5 0.5 1
obj8 -1.28 0 1 0 0 0 0.5 0.5 1
finishline 0 50 -1 0 0 0 0.5 0.5 1
obj13 0 6.24 1 0 0 0 0.5 0.5 1
cutter -1.45 3.708 0.9 0 0 0 0.5 0.5 1
obj1 -1.445 3.24 1 0 0 0 0.5 0.5 1
cutter 2.445 5.052 0.9 0 0 0 0.5 0.5 1
obj7 2.013 9.25 1 0 0 0 0.5 0.5 1
obj7 2.013 9.927 1 0 0 0 0.5 0.5 1
cutter 1.021 9.608 0.9 0 0 90 0.5 0.5 1
obj7 3.68 9.927 1 0 0 0 0.5 0.5 1
obj7 3.68 9.25 1 0 0 0 0.5 0.5 1
obj15 -1.045 15.16 1 0 180 0 0.5 0.5 1
obj8 -1.91 13.974 1 0 0 0 0.5 0.5 1
obj8 -4.24 13.974 1 0 0 0 0.5 0.5 1
obj7 -1.662 19.367 1 0 0 0 0.5 0.5 1
cutter -1.66 19.86 0.9 0 0 0 0.5 0.5 1
obj7 -1.662 18.69 1 0 0 0 0.5 0.5 1
cutter -1.66 18.195 0.9 0 0 180 0.5 0.5 1
obj9 0 23 1 0 0 0 0.5 0.5 1
obj11 1.25 22.33 1 0 0 0 0.5 0.5 1
obj11 3.07 22.33 1 0 0 0 0.5 0.5 1
obj1 0 26.09 1 0 0 0 0.5 0.5 1
cutter 0 26.562 0.9 0 0 0 0.5 0.5 1
cutter 1.258 26.562 0.9 0 0 0 0.5 0.5 1
obj1 1.258 26.09 1 0 0 0 0.5 0.5 1
cutter 2.479 26.562 0.9 0 0 0 0.5 0.5 1
obj1 2.479 26.09 1 0 0 0 0.5 0.5 1
obj1 1.54 15.62 1 0 0 0 0.5 0.5 1
cutter 0 29.983 0.9 0 0 0 0.5 0.5 1
obj1 0 29.511 1 0 0 0 0.5 0.5 1
cutter 0 33.082 0.9 0 0 0 0.5 0.5 1
obj1 0 32.61 1 0 0 0 0.5 0.5 1
obj1 -1.27 29.511 1 0 0 0 0.5 0.5 1
obj1 1.23 32.61 1 0 0 0 0.5 0.5 1
obj1 2.445 32.61 1 0 0 0 0.5 0.5 1
obj14 -3.26 23 1 0 0 0 0.5 0.5 1
obj14 0 45.15 1 0 0 0 0.5 0.5 1
obj15 -2.18 40.86 1 0 180 0 0.5 0.5 1
obj8 -3.72 41.41 1 0 0 0 0.5 0.5 1
cutter -2.333 41.903 0.9 0 0 0 0.5 0.5 1
cutter -3.384 41.903 0.9 0 0 0 0.5 0.5 1
cutter -4.416 41.903 0.9 0 0 0 0.5 0.5 1
obj1 -2.505 29.511 1 0 0 0 0.5 0.5 1
obj1 -3.753 29.511 1 0 0 0 0.5 0.5 1
f8 0.82 4.25 1 0 180 0 0.3 0.3 1
