4
coin2 -2.81 15.16 1 0 0 90 0.25 0.25 1
coin2 -2.22 22.7 1 0 0 0 0.25 0.25 1
coin2 -0.36 19.75 1 0 0 0 0.25 0.25 1
coin2 -0.36 17.8 1 0 0 0 0.25 0.25 1
coin2 0.398 1.317 1 0 0 0 0.25 0.25 1
coin2 0.398 0.966 1 0 0 0 0.25 0.25 1
coin2 0.398 0.598 1 0 0 0 0.25 0.25 1
coin2 0.398 0.247 1 0 0 0 0.25 0.25 1
f9 -0.57 10.27 1 0 180 0 0.3 0.3 1
f9 0.56 10.27 1 0 180 0 0.3 0.3 1
f9 1.53 5.152 1 0 0 90 0.3 0.3 1
f9 1.53 4.09 1 0 0 90 0.3 0.3 1
f9 -1.2 5.152 1 0 0 90 0.3 0.3 1
f9 -1.2 4.09 1 0 0 90 0.3 0.3 1
obj2 -2.22 21.92 1 0 0 0 0.5 0.5 1
obj6 -0.198 15.868 1 0 0 0 0.5 0.5 1
obj2 3.819 15.23 1 0 0 0 0.5 0.5 1
obj2 0 15.23 1 0 0 0 0.5 0.5 1
obj2 1.914 15.23 1 0 0 0 0.5 0.5 1
obj2 0.03 11.4 1 0 0 0 0.5 0.5 1
obj2 -3.789 11.4 1 0 0 0 0.5 0.5 1
obj2 -1.875 11.4 1 0 0 0 0.5 0.5 1
obj2 3.819 7.26 1 0 0 0 0.5 0.5 1
obj2 1.914 7.26 1 0 0 0 0.5 0.5 1
obj2 0 7.26 1 0 0 0 0.5 0.5 1
obj2 0 4.08 1 0 0 0 0.5 0.5 1
finishline 0 25 -1 0 0 0 0.5 0.5 1
obj10 1.99 0.82 1 0 0 0 0.5 0.5 1
obj2 0.794 -0.391 1 0 0 0 0.5 0.5 1
