5
f9 0.02 24.19 1 0 0 0 0.3 0.3 1
f9 -2.94 15.61 1 0 0 0 0.3 0.3 1
f9 1.64 14.53 1 0 0 90 0.3 0.3 1
f9 1.64 13.35 1 0 0 90 0.3 0.3 1
f9 1.64 12.27 1 0 0 90 0.3 0.3 1
obj6 -2.09 7.49 1 0 0 0 0.5 0.5 1
cutter 0 6.834 0.9 0 0 0 0.5 0.5 1
coin2 -0.18 8.29 1 0 0 0 0.25 0.25 1
coin2 -0.18 4.92 1 0 0 0 0.25 0.25 1
coin2 -0.18 1.73 1 0 0 0 0.25 0.25 1
coin1 -0.46 20.5 1 0 0 0 0.25 0.25 1
coin1 -1.8 20.5 1 0 0 0 0.25 0.25 1
obj6 -5.725 23.26 1 0 0 0 0.5 0.5 1
obj6 -4.453 23.26 1 0 0 0 0.5 0.5 1
obj6 -1.908 23.26 1 0 0 0 0.5 0.5 1
obj6 -3.181 23.26 1 0 0 0 0.5 0.5 1
obj6 0.641 23.26 1 0 0 0 0.5 0.5 1
obj6 -0.631 23.26 1 0 0 0 0.5 0.5 1
obj4 -3.51 14.1 1 0 0 0 0.5 0.5 1
obj4 -1.557 14.1 1 0 0 0 0.5 0.5 1
obj4 -3.51 14.74 1 0 0 0 0.5 0.5 1
obj6 -0.545 9.54 1 0 0 0 0.5 0.5 1
obj6 0.727 9.54 1 0 0 0 0.5 0.5 1
obj6 2 9.54 1 0 0 0 0.5 0.5 1
obj6 -2 1.77 1 0 0 0 0.5 0.5 1
obj1 0 6.364 1 0 0 0 0.5 0.5 1
cutter -1.965 14.591 0.9 0 0 0 0.5 0.5 1
obj1 0 3.28 1 0 0 0 0.5 0.5 1
cutter 0 3.756 0.9 0 0 0 0.5 0.5 1
cutter 0 0.476 0.9 0 0 0 0.5 0.5 1
obj1 0 0 1 0 0 0 0.5 0.5 1
finishline 0 30 -1 0 0 0 0.5 0.5 1
