9
f8 -2.668 43.7 1 0 180 0 0.3 0.3 1
obj1 -3.753 29.511 1 0 0 0 0.5 0.5 1
obj1 -2.505 29.511 1 0 0 0 0.5 0.5 1
f9 -1.66 33.06 1 0 0 90 0.3 0.3 1
f9 -1.66 22.06 1 0 0 90 0.3 0.3 1
f9 -2.51 19.6 1 0 0 90 0.3 0.3 1
f9 0.98 22.97 1 0 0 0 0.3 0.3 1
f9 0.9 13.321 1 0 0 0 0.3 0.3 1
f9 0.89 12.63 1 0 0 0 0.3 0.3 1
coin2 -2.38 15.23 1 0 0 0 0.25 0.25 1
coin2 -2.38 14.89 1 0 0 0 0.25 0.25 1
coin2 -2.38 14.59 1 0 0 0 0.25 0.25 1
coin2 -0.132 4.537 1 0 0 0 0.25 0.25 1
coin2 -0.132 4.226 1 0 0 0 0.25 0.25 1
coin1 1.56 16.81 1 0 0 0 0.25 0.25 1
coin1 0 38.76 1 0 0 0 0.25 0.25 1
coin1 0 46.69 1 0 0 0 0.25 0.25 1
cutter -4.416 41.903 0.9 0 0 0 0.5 0.5 1
cutter -3.384 41.903 0.9 0 0 0 0.5 0.5 1
cutter -2.333 41.903 0.9 0 0 0 0.5 0.5 1
obj8 -3.72 41.41 1 0 0 0 0.5 0.5 1
obj15 -2.18 40.86 1 0 180 0 0.5 0.5 1
obj14 0 45.15 1 0 0 0 0.5 0.5 1
obj14 0 37.18 1 0 0 0 0.5 0.5 1
obj1 3.68 32.61 1 0 0 0 0.5 0.5 1
obj1 2.445 32.61 1 0 0 0 0.5 0.5 1
obj1 1.23 32.61 1 0 0 0 0.5 0.5 1
obj1 -1.27 29.511 1 0 0 0 0.5 0.5 1
obj1 0 32.61 1 0 0 0 0.5 0.5 1
cutter 0 33.082 0.9 0 0 0 0.5 0.5 1
obj1 0 29.511 1 0 0 0 0.5 0.5 1
cutter 0 29.983 0.9 0 0 0 0.5 0.5 1
obj1 1.54 15.62 1 0 0 0 0.5 0.5 1
obj1 2.479 26.09 1 0 0 0 0.5 0.5 1
cutter 2.479 26.562 0.9 0 0 0 0.5 0.5 1
obj1 1.258 26.09 1 0 0 0 0.5 0.5 1
cutter 1.258 26.562 0.9 0 0 0 0.5 0.5 1
cutter 0 26.562 0.9 0 0 0 0.5 0.5 1
obj1 0 26.09 1 0 0 0 0.5 0.5 1
obj11 3.07 22.33 1 0 0 0 0.5 0.5 1
obj11 1.25 22.33 1 0 0 0 0.5 0.5 1
obj9 0 23 1 0 0 0 0.5 0.5 1
cutter -1.446 18.747 0.9 0 0 180 0.5 0.5 1
obj7 -1.448 19.242 1 0 0 0 0.5 0.5 1
cutter -1.446 20.412 0.9 0 0 0 0.5 0.5 1
obj7 -1.448 19.919 1 0 0 0 0.5 0.5 1
obj8 -4.24 13.974 1 0 0 0 0.5 0.5 1
obj8 -1.91 13.974 1 0 0 0 0.5 0.5 1
obj15 -1.045 15.16 1 0 180 0 0.5 0.5 1
obj7 2.82 11.29 1 0 0 0 0.5 0.5 1
obj7 2.82 11.967 1 0 0 0 0.5 0.5 1
cutter 0.161 11.648 0.9 0 0 90 0.5 0.5 1
obj7 1.153 11.967 1 0 0 0 0.5 0.5 1
obj7 1.153 11.29 1 0 0 0 0.5 0.5 1
obj1 1.445 5.882 1 0 0 0 0.5 0.5 1
cutter 1.45 6.35 0.9 0 0 0 0.5 0.5 1
obj14 0 8.28 1 0 0 0 0.5 0.5 1
obj1 -1.445 5.882 1 0 0 0 0.5 0.5 1
cutter -1.45 6.35 0.9 0 0 0 0.5 0.5 1
obj13 0 3.39 1 0 0 0 0.5 0.5 1
obj14 -1 0 1 0 0 0 0.5 0.5 1
finishline 0 50 -1 0 0 0 0.5 0.5 1
