7
obj6 -2.4 27.21 1 0 0 0 0.5 0.5 1
coin1 0.02 19.3 1 0 0 0 0.25 0.25 1
coin1 -1.7 0.82 1 0 0 0 0.25 0.25 1
obj13 -0.004 30.28 1 0 0 0 0.5 0.5 1
obj10 -0.99 10.55 1 0 0 0 0.5 0.5 1
obj2 -3.75 5.054 1 0 0 0 0.5 0.5 1
obj13 -0.004 16 1 0 0 0 0.5 0.5 1
obj10 -0.533 0.436 1 0 0 0 0.5 0.5 1
f8 0 25.19 1 0 0 0 0.3 0.3 1
f9 -0.01 16.65 1 0 180 0 0.3 0.3 1
f9 -2.12 12.96 1 0 0 0 0.3 0.3 1
f9 -0.04 8.63 1 0 0 0 0.3 0.3 1
f9 0.13 3.84 1 0 0 0 0.3 0.3 1
coin2 -0.14 31.46 1 0 0 0 0.25 0.25 1
coin2 1.85 15.79 1 0 0 0 0.25 0.25 1
obj12 -1.924 21.43 1 0 0 0 0.5 0.5 1
obj12 0.6330002 21.43 1 0 0 0 0.5 0.5 1
obj12 -0.642 21.43 1 0 0 0 0.5 0.5 1
obj12 4.015 11.17 1 0 0 0 0.5 0.5 1
obj12 2.74 11.17 1 0 0 0 0.5 0.5 1
obj12 -3.225 11.17 1 0 0 0 0.5 0.5 1
obj12 -1.95 11.17 1 0 0 0 0.5 0.5 1
obj13 -0.004 17.99 1 0 0 0 0.5 0.5 1
obj2 -1.82 5.054 1 0 0 0 0.5 0.5 1
obj2 0.1029998 5.05 1 0 0 0 0.5 0.5 1
obj2 -1.82 -0.21 1 0 0 0 0.5 0.5 1
finishline 0 35 -1 0 0 0 0.5 0.5 1
