1
obj1 -1.53 -1.04 1 0 0 0 0.5 0.5 1
coin -1.675 -0.501 1 0 0 0 0.25 0.25 1
coin -1.372 -0.501 1 0 0 0 0.25 0.25 1
coin -1.043 -0.501 1 0 0 0 0.25 0.25 1
obj1 1.51 -1.04 1 0 0 0 0.5 0.5 1
coin 1.356 -0.501 1 0 0 0 0.25 0.25 1
coin 1.659 -0.501 1 0 0 0 0.25 0.25 1
coin 1.988 -0.501 1 0 0 0 0.25 0.25 1
coin 1.02 -0.501 1 0 0 0 0.25 0.25 1
f7 0 0.82 1 0 0 0 0.3 0.3 1
f7 0 1.28 1 0 0 0 0.3 0.3 1
f7 0 1.73 1 0 0 0 0.3 0.3 1
f6 0 2.12 1 0 0 0 0.3 0.3 1
f6 0.35 2.12 1 0 0 0 0.3 0.3 1
f6 0.7 2.12 1 0 0 0 0.3 0.3 1
f6 -0.76 2.12 1 0 0 0 0.3 0.3 1
f6 -0.41 2.12 1 0 0 0 0.3 0.3 1
obj1 -1.47 3.534 1 0 0 0 0.5 0.5 1
obj1 1.47 3.534 1 0 0 0 0.5 0.5 1
f7 0 0.41 1 0 0 0 0.3 0.3 1
coin -1.986 -0.501 1 0 0 0 0.25 0.25 1
obj2 -0.905 6.824 1 0 0 0 0.5 0.5 1
obj2 0.099 7.473 1 0 0 0 0.5 0.5 1
coin 0.01 7.96 1 0 0 0 0.25 0.25 1
coin 0.313 7.96 1 0 0 0 0.25 0.25 1
coin 0.642 7.96 1 0 0 0 0.25 0.25 1
coin -0.301 7.96 1 0 0 0 0.25 0.25 1
f2 -1.566 7.32 1 0 0 0 0.3 0.3 1
f2 -1.566 7.686 1 0 0 0 0.3 0.3 1
f2 -1.566 8.061001 1 0 0 0 0.3 0.3 1
obj2 1.31 11.966 1 0 0 0 0.5 0.5 1
obj2 0.04799991 12.608 1 0 0 0 0.5 0.5 1
finishline 0 17.64 -1 0 0 0 0.5 0.5 1
coin2 -0.17 13.31 1 0 0 0 0.25 0.25 1
coin2 -0.17 13.74 1 0 0 0 0.25 0.25 1
coin2 -0.17 14.23 1 0 0 0 0.25 0.25 1
f2 -1.92 4.198999 1 0 0 0 0.3 0.3 1
f2 -1.92 4.564999 1 0 0 0 0.3 0.3 1
f2 -1.92 4.94 1 0 0 0 0.3 0.3 1
