6
f8 0 25.53 1 0 0 0 0.3 0.3 1
f9 -2.88 17.44 1 0 180 0 0.3 0.3 1
f9 -2.12 13.3 1 0 0 0 0.3 0.3 1
f9 -0.04 8.97 1 0 0 0 0.3 0.3 1
f9 0.13 4.18 1 0 0 0 0.3 0.3 1
coin2 -3.05 18.18 1 0 0 0 0.25 0.25 1
coin2 2.74 19.71 1 0 0 0 0.25 0.25 1
coin2 -1.563 9.33 1 0 0 0 0.25 0.25 1
coin2 -1.563 9.002 1 0 0 0 0.25 0.25 1
coin2 -1.84 0.69 1 0 0 0 0.25 0.25 1
coin2 -1.84 0.38 1 0 0 0 0.25 0.25 1
obj12 -1.924 21.43 1 0 0 0 0.5 0.5 1
obj12 0.6330002 21.43 1 0 0 0 0.5 0.5 1
obj12 -0.642 21.43 1 0 0 0 0.5 0.5 1
obj12 3.595 15.44 1 0 0 0 0.5 0.5 1
obj12 2.32 15.44 1 0 0 0 0.5 0.5 1
obj12 -3.645 15.44 1 0 0 0 0.5 0.5 1
obj12 -2.37 15.44 1 0 0 0 0.5 0.5 1
obj13 0 11.72 1 0 0 0 0.5 0.5 1
obj13 0 8.3 1 0 0 0 0.5 0.5 1
obj2 2.1 5.68 1 0 0 0 0.5 0.5 1
obj2 0.2799999 5.05 1 0 0 0 0.5 0.5 1
obj2 -1.82 -0.21 1 0 0 0 0.5 0.5 1
obj2 0 0.42 1 0 0 0 0.5 0.5 1
finishline 0 30 -1 0 0 0 0.5 0.5 1
