2
finishline 0 20 -1 0 0 0 0.5 0.5 1
coin2 -2.42 15.87 1 0 0 0 0.25 0.25 1
coin2 -1.207 15.871 1 0 0 0 0.25 0.25 1
coin2 -1.207 15.551 1 0 0 0 0.25 0.25 1
coin2 -2.42 15.55 1 0 0 0 0.25 0.25 1
coin2 -0.12 5.62 1 0 0 0 0.25 0.25 1
coin2 -0.12 5.27 1 0 0 0 0.25 0.25 1
coin2 1.5 0.4 1 0 0 0 0.25 0.25 1
f4 -1.02 11.75 1 0 0 0 0.3 0.3 1
f3 -1.34 11.76 1 0 0 0 0.3 0.3 1
f2 -1.7 11.74 1 0 0 0 0.3 0.3 1
f1 -2.04 11.75 1 0 0 0 0.3 0.3 1
f4 1.92 4.68 1 0 0 0 0.3 0.3 1
f3 1.6 4.69 1 0 0 0 0.3 0.3 1
f2 1.24 4.67 1 0 0 0 0.3 0.3 1
f1 0.9 4.68 1 0 0 0 0.3 0.3 1
f6 -1.58 1.471 1 0 0 0 0.3 0.3 1
f6 -1.58 1.105 1 0 0 0 0.3 0.3 1
f5 -0.59 1.46 1 0 0 0 0.3 0.3 1
f4 2.2 -0.04 1 0 0 0 0.3 0.3 1
f3 1.88 -0.03 1 0 0 0 0.3 0.3 1
f2 1.52 -0.05 1 0 0 0 0.3 0.3 1
f1 1.18 -0.04 1 0 0 0 0.3 0.3 1
f6 -1.58 0.8 1 0 0 0 0.3 0.3 1
f8 -1.64 8.67 1 0 0 0 0.3 0.3 1
obj6 -1.679 10.046 1 0 0 0 0.5 0.5 1
obj2 -0.09 14.9 1 0 0 0 0.5 0.5 1
obj2 -2.03 14.9 1 0 0 0 0.5 0.5 1
obj6 0.633 10.74 1 0 0 0 0.5 0.5 1
obj6 -0.638 10.74 1 0 0 0 0.5 0.5 1
obj6 0 8.15 1 0 0 0 0.5 0.5 1
obj6 0 4.55 1 0 0 0 0.5 0.5 1
obj2 1.88 -0.608 1 0 0 0 0.5 0.5 1
obj2 -2.03 0.25 1 0 0 0 0.5 0.5 1
obj1 -0.57 0.92 1 0 0 0 0.5 0.5 1
