3
f6 1.31 1.08 1 0 0 0 0.3 0.3 1
coin2 0.479 19 1 0 0 0 0.25 0.25 1
coin2 -0.73 19 1 0 0 0 0.25 0.25 1
f9 -0.728 16.72 1 0 0 0 0.3 0.3 1
f9 0.312 16.72 1 0 0 0 0.3 0.3 1
f9 1.36 16.72 1 0 0 0 0.3 0.3 1
f9 1.85 21.47 1 0 0 0 0.3 0.3 1
f9 -1.828 21.47 1 0 0 0 0.3 0.3 1
f9 -1.31 2.06 1 0 0 0 0.3 0.3 1
f9 -1.31 1.35 1 0 0 0 0.3 0.3 1
coin1 1.29 3.92 1 0 0 0 0.25 0.25 1
coin1 1.29 8.76 1 0 0 0 0.25 0.25 1
coin1 -1.2 11.45 1 0 0 0 0.25 0.25 1
cutter -1.385 9.27 0.9 0 0 0 0.5 0.5 1
obj1 -0.64 18.4 1 0 0 0 0.5 0.5 1
obj1 0.63 18.4 1 0 0 0 0.5 0.5 1
obj1 -1.84 20.98 1 0 0 0 0.5 0.5 1
obj1 1.84 20.98 1 0 0 0 0.5 0.5 1
finishline 0 25 -1 0 0 0 0.5 0.5 1
obj2 1.36 10.72 1 0 0 0 0.5 0.5 1
obj2 -1.36 12.51 1 0 0 0 0.5 0.5 1
obj2 -1.36 8.8 1 0 0 0 0.5 0.5 1
obj2 1.36 2.71 1 0 0 0 0.5 0.5 1
obj2 -1.36 4.5 1 0 0 0 0.5 0.5 1
obj2 -1.36 0.79 1 0 0 0 0.5 0.5 1
obj2 1.36 -1 1 0 0 0 0.5 0.5 1
